ObjectID رقم الوحدة
1
2
3
4
5
6
7
8
9
23
24
31
32
33
34
60
61
62
63
64
65
66
67
83
84
147
148
149
150
151
152
153
154
259
260
261
281
282
283
284
285
286
287
288
289
290
291
292
293
345
346
347
348
349
350
351
362
363
364
365
370
371
372
373
374
375
376
377
378
379
380
381
386
408
409
410
411
412
413
414
427
428
429
430
431
432
433
496
497
499
500
501
502
503
504
505
507
514
515
516
517
518
519
520
521
522
523
524
525
526
527
536
537
538
539
540
541
542
543
590
591
592
593
597
598
599
600
622
623
624
625
626
627
628
629
630
631
632
633
634
739
740
741
742
743
744
745
746
747
748
812
813
814
815
816
817
818
819
820
852
853
854
855
856
857
876
877
878
879
880
881
882
883
884
885
891
892
905
906
907
912
913
914
915
916
917
939
940
941
942
943
944
955
956
957
958
959
960
961
962
972
973
974
975
976
977
978
979
980
981
982
991
992
993
994
995
996
1006
1115
1116
1117
1118
1197
1198
1199
1200
1201
1202
1203
1204
1205
1206
1207
1218
1219
1220
1221
1222
1223
1224
1225
1324
1325
1326
1327
1361
1362
1363
1364
1365
1366
1368
1369
1370
1371
1372
1373
1374
1375
1376
1377
1378
1393
1394
1395
1396
1397
1398
1399
1400
1401
1402
1403
1404
1405
1406
1407
1408
1409
1410
1411
1433
1434
1435
1436
1437
1438
1439
1440
1442
1443
1444
1445
1446
1447
1448
1449
1472
1473
1487
1488
1491
1492
1510
1516
1517
1518
1519
1520
1521
1534
1535
1536
1537
1538
1539
1540
1541
1542
1554
1555
1556
1557
1558
1559
1560
1561
1562
1578
1579
1580
1581
1582
1583
1585
1586
1587
1588
1589
1590
1591
1597
1598
1599
1600
1601
1611
1612
1613
1614
1615
1616
1628
1629
1631
1632
1633
1681
1682
1683
1684
1687
1688
1689
1690
1736
1756
1757
1839
1840
1841
1842
1892
1893
1894
1895
1896
1897
1942
1943
1961
1962
1963
1969
1970
1971
1972
1978
1979
1980
1997
1998
1999
2000
2001
2002
2032
2033
2034
2035
2036
2037
2038
2039
2040
2041
2148
2149
2150
2151
2152
2153
2154
2155
2156
2157
2158
2159
2273
2274
2275
2276
2277
2278
2279
2294
2295
2296
2297
2298
2299
2300
2301
2302
2303
2304
2305
2306
2307
2308
2309
2343
2344
2345
2346
2347
2348
2349
2350
2351
2352
2353
2354
2355
2356
2357
2358
2359
2377
2378
2379
2387
2388
2486
2487
2488
2489
2490
2491
2505
2506
2507
2508
2509
2510
2511
2530
2531
2532
2586
2587
2588
2589
2590
2591
2592
2593
2594
2647
2648
2649
2650
2651
2652
2653
2654
2655
2687
2688
2689
2690
2691
2692
2693
2694
2695
2696
2697
2698
2699
2700
2701
2702
2703
2704
2705
2802
2803
2804
2809
2810
2811
2812
2823
2824
2825
2826
2827
2912
2913
2914
2915
2916
2917
2918
2919
2920
2921
3033
3034
3035
3036
3037
3038
3039
3040
3055
3056
3057
3058
3059
3060
3061
3062
3063
3105
3106
3107
3108
3109
3110
3111
3112
3113
3114
3115
3116
3117
3118
3119
3138
3139
3140
3141
3142
3154
3155
3156
3157
3158
3159
3160
3161
3162
3163
3164
3165
3166
3167
3168
3188
3189
3190
3191
3192
3193
3194
3195
3196
3197
3235
3236
3237
3238
3239
3250
3251
3252
3253
3254
3255
3256
3257
3258
3272
3273
3274
3275
3276
3277
3278
3279
3280
3281
3363
3364
3365
3366
3367
3370
3371
3372
3373
3374
3375
3376
3377
3378
3379
3400
3401
3402
3403
3404
3405
3406
3410
3411
3412
3413
3420
3421
3422
3423
3424
3443
3444
3483
3484
3565
3566
3567
3568
3647
3648
3649
3661
3662
3663
3664
3665
3666
3667
3668
3669
3670
3671
3672
3685
3686
3687
3688
3689
3720
3721
3722
3785
3786
3787
3788
3789
3790
3845
3846
3847
3848
3849
3850
3851
3852
3853
3854
3855
3856
3857
3858
3859
3860
3861
3862
3863
3876
3877
3878
3879
3880
3881
3882
3883
3888
3889
3890
3891
3892
3893
3894
3910
3911
3912
3913
3914
3915
3916
3917
3918
3919
3920
3929
3930
3931
3932
3933
3934
3935
4035
4036
4037
4038
4039
4040
4041
4042
4043
4084
4085
4086
4087
4088
4163
4164
4165
4166
4178
4179
4180
4181
4182
4183
4184
4185
4188
4189
4190
4191
4192
4193
4196
4197
4198
4199
4200
4201
4202
4203
4204
4205
4206
4207
4208
4227
4228
4229
4243
4244
4245
4246
4247
4248
4296
4297
4298
4299
4315
4316
4317
4318
4319
4320
4321
4322
4323
4324
4325
4326
4365
4366
4367
4368
4376
4377
4378
4379
4380
4381
4382
4435
4436
4437
4438
4439
4440
4441
4442
4443
4444
4476
4477
4478
4479
4480
4536
4537
4538
4539
4540
4541
4542
4543
4544
4545
4546
4547
4548
4549
4550
4551
4552
4553
4554
4555
4568
4569
4570
4571
4572
4573
4574
4575
4576
4577
4578
4580
4603
4604
4605
4606
4607
4641
4642
4643
4644
4645
4721
4722
4723
4724
4725
4814
4878
4879
4880
4892
4893
4894
4895
4993
4994
4995
4996
4997
4998
4999
5026
5027
5028
5029
5030
5031
5035
5036
5037
5038
5039
5087
5088
5089
5090
5091
5092
5093
5094
5095
5096
5097
5098
5176
5177
5178
5179
5180
5181
5242
5243
5244
5266
5267
5268
5269
5338
5339
5340
5341
5342
5353
5354
5355
5356
5357
5358
5359
5360
5361
5362
5363
5364
5386
5387
5388
5389
5390
5391
5426
5427
5428
5429
5430
5431
5432
5433
5434
5435
5436
5437
5438
5439
5440
5441
5442
5443
5447
5448
5449
5450
5451
5490
5502
5503
5504
5505
5506
5507
5508
5509
5510
5511
5512
5521
5522
5523
5524
5525
5526
5527
5541
5542
5543
5544
5545
5546
5547
5548
5549
5555
5556
5557
5558
5559
5592
5593
5594
5595
5608
5609
5610
5611
5612
5613
5614
5615
5616
5617
5618
5619
5620
5621
5622
5623
5624
5675
5714
5715
5716
5717
5718
5719
5720
5730
5731
5732
5733
5915
5916
5917
5918
5970
5971
5975
5976
5977
5978
5979
5980
5981
5982
6034
6035
6036
6037
6038
6039
6040
6041
6042
6043
6044
6123
6124
6125
6126
6127
6128
6133
6134
6135
6136
6137
6138
6139
6140
6148
6149
6150
6151
6152
6153
6154
6155
6156
6157
6158
6159
6170
6171
6172
6173
6174
6271
6272
6296
6297
6378
6379
6396
6397
6398
6399
6400
6401
6423
6424
6425
6426
6427
6428
6429
6430
6431
6432
6433
6434
6435
6436
6437
6438
6439
6440
6441
6442
6443
6444
6445
6446
6447
6448
6449
6477
6478
6479
6480
6481
6482
6511
6512
6513
6514
6515
6516
6576
6577
6578
6579
6580
6581
6582
6583
6584
6585
6586
6587
6588
6589
6590
6591
6593
6594
6595
6596
6597
6598
6599
6600
6601
6602
6603
6604
6605
6606
6607
6608
6609
6610
6611
6612
6613
6614
6615
6616
6617
6618
6619
6620
6621
6622
6623
6628
6629
6630
6631
6632
6633
6634
6675
6676
6677
6678
6679
6680
6681
6713
6714
6715
6716
6717
6718
6796
6797
6798
6810
6811
6815
6816
6817
6818
6819
6820
6832
6833
6834
6835
6852
6853
6868
6869
6912
6913
6914
6915
6917
6918
6919
6920
6921
6922
6923
6924
6966
6967
6968
6969
6970
6971
6972
6992
6993
6994
6995
6999
7000
7001
7002
7003
7004
7005
7006
7007
7008
7009
7010
7011
7012
7013
7014
7015
7016
7017
7018
7019
7020
7021
7022
7023
7024
7025
7026
7027
7028
7030
7031
7032
7033
7034
7035
7124
7125
7126
7127
7128
7129
7130
7150
7151
7152
7179
7180
7181
7182
7183
7184
7185
7186
7187
7188
7189
7190
7284
7285
7286
7287
7289
7290
7291
7292
7293
7294
7295
7296
7297
7298
7299
7300
7338
7339
7340
7341
7342
7349
7350
7379
7380
7381
7382
7425
7426
7427
7428
7495
7496
7497
7498
7499
7539
7540
7541
7542
7543
7544
7545
7546
7581
7582
7583
7584
7658
7788
7789
7856
7857
7858
7859
7860
7879
7880
7881
7882
7883
7898
7899
7900
7901
7946
7947
7948
7949
7950
7951
7952
7991
7992
7993
7994
7995
7996
7997
7998
8027
8028
8029
8030
8031
8032
8124
8125
8126
8127
8128
8129
8130
8131
8157
8158
8159
8160
8161
8162
8163
8164
8165
8373
8374
8375
8376
8377
8378
8379
8380
8381
8574
8575
8576
8577
8578
8579
8580
8581
8726
8727
8728
8730
8731
8732
8733
8734
8735
8736
8737
8738
8757
8758
8759
8760
8761
8776
8777
8821
8822
8823
8845
8846
8847
8848
8849
8850
8851
8852
8853
8854
8855
8869
8870
8871
8872
8873
8874
8875
8876
8877
8878
8879
8901
8902
8903
8904
8905
8906
8907
8908
8909
8910
8911
8912
8934
8935
8936
8937
8938
8939
8940
8941
8942
8943
8944
8945
8946
8947
8957
8958
8959
8960
8961
8962
8974
8975
8976
9012
9013
9014
9015
9016
9017
9018
9019
9020
9022
9031
9032
9033
9034
9035
9036
9037
9038
9039
9040
9074
9075
9076
9077
9078
9100
9101
9102
9103
9104
9105
9106
9107
9115
9116
9117
9118
9119
9120
9121
9122
9123
9124
9125
9126
9127
9128
9137
9139
9140
9141
9142
9143
9144
9145
9146
9147
9148
9149
9163
9164
9165
9166
9167
9168
9169
9170
9196
9197
9198
9199
9205
9206
9207
9208
9209
9336
9337
9338
9339
9400
9401
9402
9425
9426
9427
9428
9522
9523
9524
9525
9526
9527
9528
9529
9530
9531
9532
9533
9534
9535
9536
9537
9538
9539
9566
9567
9568
9569
9570
9571
9572
9573
9574
9575
9576
9577
9590
9591
9592
9593
9594
9595
9596
9597
9598
9661
9662
9663
9664
9665
9666
9667
9668
9669
9670
9671
9672
9673
9707
9708
9709
9710
9711
9712
9713
9714
9715
9716
9717
9718
9719
9720
9721
9744
9745
9746
9761
9762
9767
9768
9769
9770
9771
9772
9773
9774
9775
9776
9875
9876
9877
9878
9879
9880
9881
9882
9902
9903
9904
9905
9906
9907
9908
9909
9910
9913
9914
9915
9967
9968
9969
9970
9971
9972
9973
9974
10039
10040
10041
10042
10043
10044
10045
10046
10047
10398
10399
10400
10410
10411
10412
10413
10414
10415
10416
10417
10418
10521
10522
10523
10524
10525
10526
10527
10528
10529
10611
10612
10613
10614
10618
10619
10620
10621
10622
10701
10702
10736
10737
10738
10739
10740
10741
10742
10743
10744
10748
10749
10750
10751
10752
10753
10754
10755
10772
10773
10774
10775
10776
10811
10812
10813
10814
10815
10816
10817
10818
10819
10820
10821
10822
10823
10824
10825
10826
10827
10828
10829
10830
10831
10832
10833
10834
10835
10836
10837
10838
10839
10840
10841
10843
10856
10857
10858
10859
10892
10893
10894
10895
10896
10897
10898
10899
10967
10968
10969
10970
10971
10972
10973
10974
10976
10977
10981
10982
10983
10984
10985
11021
11022
11023
11099
11100
11101
11102
11103
11104
11116
11117
11118
11119
11120
11121
11122
11141
11142
11143
11144
11145
11146
11147
11224
11253
11254
11255
11256
11257
11265
11266
11267
11268
11269
11354
11395
11396
11397
11398
11399
11400
11401
11416
11417
11418
11419
11420
11430
11431
11432
11433
11434
11435
11436
11437
11438
11439
11440
11441
11442
11443
11491
11492
11493
11494
11495
11496
11497
11498
11499
11500
11551
11552
11553
11554
11555
11601
11602
11603
11604
11605
11606
11607
11608
11618
11619
11620
11621
11622
11623
11632
11633
11634
11695
11696
11697
11698
11699
11700
11838
11839
11840
11841
11842
11858
11859
11860
11885
11886
11887
11893
11894
11895
11896
11897
11914
11915
11916
12017
12018
12070
12071
12072
12073
12074
12075
12076
12077
12078
12079
12080
12081
12125
12126
12127
12128
12129
12151
12152
12153
12154
12155
12156
12157
12189
12190
12191
12192
12193
12265
12311
12312
12313
12328
12338
12339
12340
12502
12503
12504
12505
12506
12507
12508
12509
12510
12512
12516
12517
12540
12541
12542
12543
12546
12592
12593
12594
12595
12596
12597
12598
12599
12681
12682
12842
12843
12844
12845
13045
13046
13102
13103
13104
13105
13106
13107
13108
13115
13116
13117
13118
13119
13138
13139
13140
13141
13142
13143
13144
13145
13146
13147
13148
13149
13204
13205
13206
13207
13208
13217
13218
13219
13220
13221
13222
13225
13226
13227
13228
13229
13269
13270
13271
13272
13273
13274
13275
13276
13281
13282
13283
13284
13285
13286
13287
13288
13289
13290
13291
13296
13297
13327
13328
13329
13330
13427
13428
13429
13430
13431
13432
13433
13434
13435
13436
13437
13438
13439
13440
13441
13442
13443
13444
13445
13446
13490
13491
13492
13493
13494
13495
13496
13497
13498
13517
13518
13519
13560
13561
13603
13604
13605
13606
13607
13608
13609
13610
13611
13612
13634
13635
13636
13637
13638
13639
13640
13641
13642
13643
13644
13645
13646
13682
13683
13684
13685
13686
13698
13699
13759
13760
13761
13762
13763
13764
13765
13769
13770
13771
13772
13773
13774
13775
13776
13777
13778
13779
13780
13781
13782
13793
13794
13795
13889
13890
13891
13892
13893
13894
13895
13896
13897
13898
13899
13900
13901
13902
13903
13904
13905
13960
13961
13968
13969
13970
13971
14152
14153
14154
14155
14203
14204
14205
14206
14207
14208
14209
14210
14211
14212
14213
14214
14215
14216
14217
14218
14219
14220
14221
14222
14223
14224
14225
14226
14227
14228
14229
14230
14231
14235
14240
14241
14242
14243
14244
14276
14280
14281
14282
14283
14439
14440
14441
14476
14477
14478
14479
14480
14485
14486
14487
14530
14531
14537
14564
14565
14566
14567
14568
14580
14581
14582
14583
14584
14585
14586
14587
14588
14589
14590
14606
14607
14608
14609
14610
14611
14639
14640
14641
14642
14643
14644
14780
14781
14782
14783
14828
14829
14830
14831
14832
14833
14834
14835
14836
14837
14838
14848
14849
14850
14886
14887
14888
14889
14890
14891
14892
14893
14894
14895
14896
14897
14898
14899
14900
14901
14902
14903
14904
14905
14906
14907
14908
14909
14910
14911
14912
14913
14914
14915
14916
14945
14946
14947
15043
15044
15045
15046
15047
15048
15182
15183
15184
15185
15186
15187
15188
15189
15190
15191
15312
15313
15324
15325
15326
15327
15328
15329
15330
15331
15332
15333
15371
15372
15373
15381
15494
15495
15496
15497
15498
15499
15500
15501
15502
15503
15504
15581
15662
15664
15665
15666
15667
15668
15669
15670
15671
15672
15673
15674
15773
15774
15776
15777
15796
15797
15798
15799
15800
15908
15909
15910
15911
15912
15913
15914
15915
15916
15917
15918
15919
15920
15921
15932
15933
15967
15968
15969
15970
15971
15972
15973
15979
15980
15981
15982
15983
15987
15990
15991
15992
15993
15994
16032
16033
16034
16035
16036
16037
16119
16120
16121
16122
16123
16124
16125
16126
16127
16128
16129
16130
16131
16132
16133
16134
16135
16136
16137
16138
16139
16140
16203
16204
16205
16206
16207
16208
16209
16210
16269
16270
16315
16316
16317
16318
16319
16320
16337
16338
16339
16340
16341
16367
16368
16369
16370
16371
16372
16373
16374
16375
16376
16377
16378
16379
16380
16381
16382
16383
16384
16385
16386
16387
16388
16389
16390
16391
16392
16393
16394
16395
16396
16397
16398
16399
16400
16401
16402
16403
16404
16405
16406
16407
16408
16409
16410
16411
16581
16582
16583
16587
16588
16589
16600
16601
16602
16712
16713
16714
16723
16724
16725
16726
16727
17006
17007
17008
17009
17010
17011
17012
17013
17014
17015
17016
17017
17018
17028
17029
17030
17068
17069
17070
17071
17072
17073
17074
17075
17076
17077
17078
17124
17125
17126
17127
17128
17129
17137
17138
17139
17140
17141
17152
17153
17154
17155
17156
17157
17158
17159
17209
17210
17211
17212
17213
17230
17231
17232
17233
17234
17238
17239
17287
17288
17289
17290
17291
17292
17293
17298
17299
17423
17424
17425
17426
17427
17428
17429
17430
17431
17432
17455
17456
17594
17595
17596
17597
17598
17599
17600
17601
17607
17608
17609
17610
17611
17612
17613
17614
17620
17621
17749
17750
17751
17752
17753
17754
17755
17756
17757
17758
17773
17774
17775
17776
17784
17785
17786
17787
17788
17789
17904
17905
17906
17907
17908
17909
17910
17911
17912
17913
17914
17915
17916
17917
17918
17919
17920
17921
17922
17923
17924
17925
17926
17927
17928
17929
17930
17931
17933
17934
17936
17937
18086
18087
18088
18089
18090
18091
18092
18096
18097
18098
18099
18100
18101
18102
18103
18141
18145
18146
18177
18178
18179
18228
18229
18230
18231
18250
18251
18252
18253
18254
18282
18283
18284
18285
18287
18288
18289
18372
18373
18374
18375
18465
18466
18467
18468
18469
18495
18496
18497
18498
18499
18500
18501
18502
18503
18504
18505
18506
18507
18508
18663
18664
18665
18666
18667
18711
18712
18713
18714
18715
18716
18717
18718
18719
18720
18742
18808
18809
18810
18811
18812
18850
18851
18852
18853
18927
18928
18929
18930
18931
18932
18986
18987
18988
18989
18990
18991
18992
18993
19036
19037
19038
19041
19042
19043
19044
19045
19046
19047
19063
19064
19065
19066
19067
19068
19069
19143
19178
19179
19180
19181
19182
19186
19187
19188
19189
19190
19191
19192
19193
19194
19206
19207
19208
19209
19210
19211
19212
19213
19296
19297
19298
19305
19306
19307
19308
19309
19310
19311
19312
19313
19314
19315
19316
19317
19318
19485
19486
19487
19488
19489
19490
19491
19492
19527
19528
19536
19537
19538
19539
19540
19541
19542
19543
19707
19708
19709
19710
19711
19712
19738
19739
19740
19741
19742
19743
19756
19757
19758
19759
19760
19761
19762
19763
19764
19765
19766
19848
19849
19850
19851
19852
19879
19880
19881
20034
20035
20036
20037
20050
20051
20052
20211
20212
20213
20214
20215
20259
20294
20295
20351
20352
20353
20354
20355
20356
20357
20358
20369
20370
20371
20372
20449
20450
20451
20452
20453
20454
20455
20456
20513
20514
20515
20518
20519
20520
20538
20539
20540
20541
20542
20543
20544
20545
20546
20572
20573
20574
20575
20576
20586
20587
20588
20589
20590
20591
20592
20680
20681
20682
20683
20684
20685
20686
20687
20688
20689
20690
20691
20692
20693
20694
20695
20696
20697
20698
20699
20700
20701
20702
20703
20704
20705
20706
20707
20748
20749
20750
20769
20858
20859
20860
20861
20934
20935
20936
20970
20971
20972
20973
20985
20986
20987
20988
20989
20990
20991
20992
20993
21009
21010
21011
21012
21013
21102
21219
21220
21221
21222
21223
21253
21254
21268
21269
21270
21290
21291
21292
21293
21308
21314
21315
21316
21317
21318
21319
21320
21321
21322
21323
21324
21325
21326
21327
21328
21329
21330
21331
21332
21333
21372
21374
21375
21377
21378
21379
21380
21381
21384
21385
21459
21460
21461
21472
21473
21474
21475
21476
21477
21478
21484
21485
21486
21492
21493
21494
21495
21496
21497
21518
21519
21520
21521
21522
21523
21524
21525
21695
21696
21717
21718
21719
21720
21721
21722
21723
21724
21725
21726
21742
21743
21744
21745
21750
21751
21752
21753
21754
21755
21770
21771
21772
21773
21774
21775
21828
21829
21830
21831
21989
22168
22169
22170
22291
22292
22357
22358
22359
22360
22361
22362
22363
22364
22365
22377
22378
22379
22380
22381
22382
22383
22384
22385
22386
22387
22445
22446
22447
22448
22449
22450
22502
22503
22504
22505
22506
22534
22535
22536
22537
22538
22562
22563
22564
22565
22690
22691
22692
22693
22694
22777
22778
22779
22780
22789
22875
22876
22877
22878
22879
22880
22881
22882
22896
22897
22898
22899
22900
22901
22902
22903
22904
22905
22970
22971
22972
23090
23091
23092
23093
23094
23095
23096
23097
23098
23150
23151
23152
23153
23165
23166
23167
23168
23169
23170
23215
23216
23270
23271
23272
23274
23275
23276
23277
23278
23279
23280
23281
23282
23352
23353
23354
23355
23356
23357
23433
23434
23435
23436
23437
23438
23439
23440
23441
23570
23571
23587
23588
23589
23590
23591
23592
23593
23654
23686
23687
23732
23733
23734
23735
23736
23737
23738
23739
23740
23741
23742
23743
23744
23762
23763
23764
23804
23805
23806
23807
23808
23809
23810
23811
23829
23830
23831
23832
23833
23834
23835
23836
23837
23838
23839
23840
23841
23842
23843
23853
23854
23855
23856
23890
23891
23892
23893
23894
23895
23896
23897
23898
23915
23919
23935
23994
23995
23996
23997
23998
23999
24000
24010
24011
24012
24013
24014
24015
24016
24028
24029
24030
24031
24032
24033
24034
24072
24073
24074
24075
24076
24077
24084
24085
24128
24129
24130
24131
24132
24133
24134
24135
24136
24137
24139
24140
24141
24142
24143
24144
24161
24162
24163
24164
24165
24166
24167
24168
24169
24170
24171
24172
24173
24175
24176
24177
24178
24179
24180
24181
24182
24183
24184
24185
24186
24189
24191
24192
24193
24196
24197
24198
24199
24237
24238
24239
24240
24241
24242
24243
24244
24245
24246
24247
24248
24249
24250
24252
24253
24254
24257
24258
24259
24260
24261
24262
24263
24264
24267
24268
24269
24270
24271
24272
24273
24274
24275
24311
24312
24313
24443
24444
24445
24446
24447
24448
24449
24450
24451
24507
24508
24509
24510
24511
24512
24519
24520
24521
24522
24523
24565
24566
24567
24568
24569
24599
24600
24601
24602
24603
24604
24605
24606
24621
24622
24623
24624
24640
24641
24642
24643
24644
24645
24646
24647
24648
24649
24650
24651
24652
24653
24654
24655
24656
24657
24658
24659
24660
24661
24662
24663
24664
24665
24666
24667
24668
24669
24670
24671
24672
24699
24700
24701
24702
24703
24704
24705
24706
24707
24708
24709
24710
24711
24712
24714
24716
24731
24732
24733
24734
24781
24782
24783
24784
24785
24841
24842
24843
24878
24879
24880
24888
24889
24890
24891
24892
25084
25085
25086
25087
25088
25089
25090
25091
25092
25093
25094
25095
25096
25101
25102
25121
25122
25123
25124
25125
25187
25188
25189
25190
25191
25192
25193
25194
25325
25326
25327
25328
25329
25330
25331
25332
25333
25334
25335
25336
25337
25338
25339
25340
25341
25342
25343
25344
25345
25346
25347
25348
25382
25383
25384
25385
25386
25387
25388
25389
25390
25391
25392
25393
25394
25395
25396
25418
25419
25420
25421
25422
25423
25424
25425
25426
25427
25428
25478
25479
25480
25481
25482
25483
25484
25485
25486
25494
25495
25496
25497
25498
25678
25679
25680
25681
25682
25683
25684
25685
25725
25726
25727
25728
25729
25736
25737
25738
25739
25740
25741
25742
25743
25744
25745
25746
25760
25775
25776
25777
25782
25783
25784
25785
25786
25787
25788
25816
25817
25818
25819
25820
25821
25822
25823
25824
25825
25826
25827
25828
25829
25830
25831
25832
25833
25834
25835
25836
25837
25838
25839
25840
25841
25868
25869
25870
25871
25872
25873
25874
25875
25876
25877
25912
25913
25914
25915
25916
25917
25918
25919
26095
26096
26097
26098
26099
26100
26101
26145
26146
26147
26330
26331
26425
26426
26427
26428
26429
26430
26478
26479
26585
26586
26587
26686
26687
26688
26689
26690
26691
26692
26693
26694
26701
26702
26703
26727
26728
26729
26730
26756
26757
26758
26759
26760
26761
26762
26763
26923
26924
26925
26926
26927
26928
26929
26930
26969
26970
26971
26972
27004
27005
27006
27007
27008
27022
27023
27024
27137
27138
27139
27253
27254
27255
27256
27282
27283
27284
27395
27396
27397
27411
27412
27413
27414
27415
27488
27489
27490
27491
27492
27493
27494
27495
27496
27497
27498
27499
27500
27501
27502
27684
27685
27686
27687
27688
27732
27734
27752
27753
27754
27755
27756
27757
27763
27764
27765
27766
27767
27768
27769
27770
27773
27774
27775
27953
27954
27955
27956
27957
27967
27968
27969
27970
27971
27972
27973
27974
27975
27976
27977
28173
28228
28229
28230
28342
28343
28344
28345
28346
28347
28348
28349
28350
28359
28360
28361
28456
28457
28458
28459
28460
28461
28491
28492
28493
28494
28495
28496
28497
28498
28499
28500
28501
28502
28503
28504
28505
28516
28517
28518
28621
28622
28623
28635
28636
28753
28754
28783
28784
28785
28786
28787
28788
28789
28878
28879
28880
28881
28882
28883
28884
28901
28902
28903
28904
28905
28906
28934
28935
28936
28937
29053
29054
29055
29056
29088
29089
29090
29091
29092
29093
29094
29095
29096
29097
29098
29153
29157
29158
29331
29332
29333
29334
29345
29346
29347
29358
29359
29385
29387
29388
29389
29390
29391
29392
29432
29433
29434
29435
29436
29437
29554
29555
29603
29604
29605
29606
29607
29608
29609
29615
29616
29617
29618
29619
29620
29621
29622
29623
29624
29625
29626
29627
29628
29629
29630
29732
29733
29734
29735
29736
29737
29738
29739
29740
29747
29748
29749
29750
29751
29752
29753
29754
29755
29756
29757
29758
29775
29776
29777
29778
29779
29780
29781
29803
29804
29805
29806
29896
29897
29898
29899
29900
29901
29902
29911
29912
29913
29914
30084
30085
30086
30087
30088
30089
30133
30134
30135
30136
30142
30143
30144
30145
30146
30147
30148
30254
30255
30256
30257
30281
30282
30283
30284
30285
30286
30287
30306
30307
30323
30325
30326
30327
30328
30329
30330
30331
30332
30333
30334
30335
30358
30359
30360
30361
30366
30367
30368
30369
30370
30392
30393
30394
30597
30598
30599
30600
30601
30602
30603
30671
30672
30734
30735
30736
30737
30738
30739
30740
30741
30742
30743
30744
30760
30761
30762
30763
30764
30765
30766
30767
30768
30769
30827
30828
30829
30830
30831
30832
30833
30834
30835
30878
30987
30988
30989
30990
30991
31071
31072
31073
31074
31191
31192
31193
31194
31308
31310
31311
31312
31331
31332
31333
31334
31335
31336
31337
31403
31404
31405
31406
31407
31408
31510
31511
31512
31513
31514
31515
31516
31517
31518
31519
31520
31521
31522
31523
31524
31525
31538
31539
31540
31541
31552
31553
31554
31555
31556
31557
31558
31587
31588
31660
31661
31662
31663
31664
31665
31666
31667
31668
31669
31670
31679
31680
31712
31715
31716
31743
31744
31745
31746
31747
31748
31749
31758
31760
31766
31767
31768
31804
31805
31806
31807
31808
31809
31810
31811
31812
31893
31894
31895
31896
31897
31904
31905
31906
31907
31908
31909
31910
31911
31912
31914
31915
31916
31917
31918
31923
31924
31925
31926
31941
31942
31943
31944
31952
31953
31954
31955
31956
31957
31962
31963
31964
31965
31966
31967
31968
31969
31970
31971
31972
31973
31974
31975
31976
31995
31996
31997
31998
31999
32000
32001
32002
32003
32004
32028
32029
32030
32079
32080
32151
32152
32153
32154
32170
32171
32172
32459
32460
32461
32462
32463
32464
32465
32466
32467
32468
32482
32483
32539
32540
32541
32542
32543
32544
32545
32555
32556
32558
32559
32560
32566
32567
32568
32569
32570
32571
32572
32573
32618
32619
32620
32621
32622
32623
32624
32640
32641
32642
32643
32644
32645
32646
32647
32648
32649
32650
32651
32661
32662
32663
32664
32665
32717
32718
32719
32734
32735
32736
32737
32738
32739
32740
32741
32742
32743
32744
32745
32746
32747
32748
32749
32750
32751
32792
32793
32794
32795
32796
32797
32798
32799
32800
32801
32802
32924
32925
32926
32927
32928
32929
32936
32937
32938
32939
33004
33005
33006
33058
33059
33060
33061
33062
33063
33158
33159
33160
33161
33162
33163
33164
33165
33166
33167
33168
33169
33170
33171
33172
33173
33232
33233
33234
33235
33236
33237
33344
33345
33346
33347
33374
33375
33376
33377
33378
33379
33380
33381
33382
33393
33394
33395
33422
33423
33424
33425
33487
33488
33489
33490
33491
33492
33493
33582
33583
33584
33585
33586
33590
33591
33592
33593
33594
33595
33865
33867
33868
33869
33870
33871
33876
33877
33878
33879
33911
33912
33913
33937
33938
33939
33940
33941
33942
33943
33944
33945
33946
33947
33953
33954
33955
33956
33988
33989
33990
33991
33992
33993
33994
33995
33996
33997
33998
33999
34000
34001
34002
34003
34004
34005
34024
34025
34026
34055
34056
34057
34059
34060
34061
34062
34063
34064
34065
34066
34098
34099
34100
34101
34102
34315
34316
34332
34333
34334
34335
34336
34337
34343
34344
34345
34370
34371
34372
34373
34374
34375
34376
34377
34386
34387
34388
34389
34390
34391
34392
34393
34394
34395
34396
34404
34405
34406
34407
34408
34409
34410
34411
34430
34431
34432
34433
34434
34435
34436
34437
34438
34439
34440
34441
34442
34443
34453
34454
34455
34456
34457
34458
34459
34460
34461
34462
34463
34464
34465
34466
34467
34468
34469
34470
34471
34509
34510
34511
34512
34541
34542
34543
34629
34630
34701
34745
34746
34771
34772
34773
34774
34775
34776
34777
34974
34975
34976
34977
34991
34992
34993
34994
35057
35058
35059
35060
35061
35085
35086
35087
35088
35113
35114
35115
35116
35117
35198
35199
35200
35205
35206
35207
35208
35209
35210
35211
35212
35213
35214
35215
35216
35445
35446
35467
35468
35469
35470
35471
35472
35473
35474
35475
35606
35607
35608
35609
35610
35611
35623
35624
35625
35626
35627
35628
35629
35630
35631
35648
35649
35650
35651
35652
35653
35668
35669
35670
35698
35699
35715
35716
35717
35843
35844
35845
35846
35847
35848
35849
35850
35851
35852
35853
35854
35855
35856
35857
35923
35924
35936
35937
35938
35939
35940
35941
35942
35971
35972
35973
35974
35975
35976
35977
35978
35979
36218
36219
36220
36221
36222
36223
36224
36225
36226
36227
36257
36258
36259
36260
36261
36262
36263
36291
36292
36293
36302
36303
36304
36305
36306
36307
36308
36309
36310
36311
36312
36360
36361
36362
36363
36364
36365
36366
36367
36415
36416
36417
36418
36419
36677
36678
36679
36680
36681
36682
36683
36794
36795
36796
36797
36798
36799
36800
36801
36802
36803
36804
36818
36819
36820
36821
36822
36823
36824
36825
36832
36833
36834
36835
36836
36837
36838
36839
36840
36841
36909
36910
36911
36912
36913
36914
36915
36916
36917
36918
36919
36986
36987
36988
36989
36990
36991
36992
36993
37061
37062
37063
37064
37065
37066
37067
37164
37165
37166
37167
37240
37241
37305
37306
37307
37378
37379
37380
37381
37382
37383
37384
37385
37386
37453
37454
37455
37456
37457
37458
37459
37460
37461
37481
37482
37483
37484
37485
37486
37614
37615
37616
37617
37618
37619
37620
37621
37622
37623
37624
37625
37626
37627
37628
37629
37630
37631
37647
37648
37945
37946
37947
37992
37993
37994
37995
37996
37997
37998
37999
38000
38001
38002
38003
38004
38005
38006
38007
38063
38064
38065
38066
38149
38203
38204
38205
38206
38207
38216
38217
38218
38219
38220
38221
38222
38257
38258
38329
38330
38331
38332
38398
38399
38400
38401
38434
38435
38436
38437
38438
38439
38440
38441
38477
38478
38479
38480
38481
38482
38483
38484
38500
38501
38502
38522
38626
38627
38628
38629
38630
38631
38632
38633
38634
38635
38682
38683
38684
38685
38744
38745
38746
38747
38748
38749
38750
38751
38752
38753
38754
38755
38756
38757
38758
38804
38805
38806
38807
38808
38809
38810
38811
38812
38817
38818
38829
38830
38888
38889
38890
38893
38894
39023
39024
39025
39026
39193
39194
39195
39196
39197
39198
39199
39209
39210
39218
39219
39220
39221
39237
39238
39239
39240
39241
39242
39243
39244
39245
39323
39324
39325
39326
39327
39328
39357
39358
39359
39360
39361
39362
39363
39384
39385
39386
39393
39424
39425
39426
39427
39428
39429
39430
39431
39432
39433
39434
39435
39436
39437
39492
39493
39494
39495
39496
39497
39498
39499
39500
39501
39568
39569
39570
39571
39572
39573
39574
39785
39786
39890
39891
39892
39893
39894
39895
39917
39918
39919
39956
39957
39976
39977
39994
40017
40018
40019
40066
40067
40068
40069
40080
40169
40170
40171
40172
40173
40208
40209
40210
40211
40212
40218
40219
40220
40221
40228
40234
40235
40236
40305
40306
40307
40308
40469
40470
40471
40472
40473
40545
40546
40547
40548
40549
40550
40551
40552
40553
40554
40555
40556
40564
40565
40566
40567
40568
40569
40593
40594
40595
40596
40597
40598
40599
40600
40601
40602
40603
40632
40633
40634
40635
40636
40646
40647
40648
40649
40650
40651
40652
40762
40763
40764
40765
40804
40805
40806
40807
40808
40872
40873
40874
40875
40876
40877
40878
40905
40949
40951
40952
40964
40965
40966
40967
41042
41043
41044
41045
41046
41047
41048
41049
41050
41051
41052
41053
41054
41055
41056
41057
41058
41059
41060
41061
41062
41063
41064
41065
41066
41067
41068
41069
41070
41071
41072
41073
41074
41075
41076
41077
41078
41079
41080
41081
41082
41083
41084
41085
41086
41087
41088
41089
41090
41091
41092
41093
41094
41095
41096
41097
41098
41099
41100
41141
41142
41143
41144
41145
41146
41220
41221
41222
41223
41224
41225
41256
41257
41258
41259
41266
41267
41268
41269
41270
41379
41380
41381
41382
41383
41384
41385
41386
41387
41388
41422
41423
41424
41425
41426
41427
41428
41429
41430
41431
41432
41433
41434
41435
41436
41518
41519
41520
41521
41522
41523
41634
41757
41758
41759
41762
41818
41819
41843
41844
41845
41846
41847
41848
41852
41853
41854
41855
41856
41967
41968
41969
41970
41971
41972
41973
41987
41988
41989
42004
42005
42006
42007
42008
42009
42010
42011
42012
42013
42014
42015
42016
42017
42018
42020
42179
42180
42181
42182
42183
42184
42185
42264
42265
42266
42267
42268
42269
42270
42271
42272
42273
42274
42275
42276
42277
42305
42306
42307
42308
42328
42329
42330
42367
42368
42369
42389
42390
42391
42392
42393
42439
42545
42546
42555
42556
42557
42558
42559
42560
42561
42562
42563
42564
42565
42575
42576
42577
42578
42579
42580
42581
42582
42583
42584
42591
42598
42599
42600
42713
42714
42715
42716
42717
42725
42726
42727
42728
42729
42730
42739
42740
42741
42742
42863
42864
42865
42866
42867
42868
42869
42928
42929
42930
42931
42932
42977
42978
42979
42980
42998
42999
43013
43014
43015
43016
43017
43018
43019
43020
43021
43022
43023
43024
43025
43028
43029
43030
43031
43032
43033
43034
43035
43036
43037
43040
43041
43042
43043
43044
43045
43054
43055
43056
43057
43058
43059
43060
43061
43062
43063
43064
43065
43066
43067
43071
43072
43081
43082
43083
43098
43099
43100
43101
43102
43105
43106
43107
43108
43147
43148
43149
43150
43151
43199
43200
43201
43202
43203
43204
43205
43206
43207
43208
43209
43210
43211
43212
43213
43214
43215
43216
43229
43230
43231
43232
43233
43234
43235
43297
43298
43299
43300
43301
43302
43303
43304
43305
43306
43307
43308
43309
43310
43311
43312
43313
43314
43315
43316
43319
43320
43321
43322
43323
43324
43325
43326
43423
43424
43425
43426
43427
43428
43450
43451
43452
43453
43460
43461
43462
43463
43464
43490
43491
43492
43493
43547
43548
43549
43550
43551
43552
43553
43577
43578
43579
43580
43588
43589
43590
43592
43622
43623
43624
43625
43626
43627
43628
43629
43648
43649
43650
43651
43665
43666
43667
43668
43669
43713
43714
43715
43716
43717
43723
43724
43728
43729
43860
43861
43862
43863
43864
43865
43866
43990
43991
43992
43993
43994
43995
44008
44009
44032
44033
44034
44035
44036
44037
44038
44039
44061
44062
44063
44064
44065
44066
44067
44068
44069
44070
44071
44092
44093
44125
44126
44127
44128
44129
44130
44179
44180
44181
44182
44238
44239
44240
44241
44242
44243
44244
44245
44280
44281
44282
44283
44346
44347
44348
44349
44350
44351
44352
44360
44372
44373
44374
44395
44396
44397
44398
44399
44412
44413
44416
44417
44418
44419
44420
44421
44422
44423
44424
44485
44486
44510
44511
44512
44513
44514
44515
44561
44562
44563
44564
44575
44576
44577
44578
44579
44580
44581
44583
44584
44593
44594
44595
44596
44597
44598
44599
44600
44601
44605
44606
44607
44637
44638
44639
44640
44641
44642
44643
44644
44645
44646
44647
44658
44659
44660
44661
44664
44665
44666
44667
44668
44669
44670
44671
44672
44716
44717
44718
44719
44720
44721
44722
44734
44735
44736
44737
44738
44739
44740
44741
44742
44859
44860
44861
44862
44863
44864
44865
44872
44873
44874
44875
44876
44877
44991
44992
44993
44994
45028
45029
45030
45031
45113
45114
45115
45226
45227
45228
45229
45230
45244
45245
45246
45247
45248
45249
45250
45251
45252
45253
45291
45292
45311
45314
45315
45316
45448
45449
45450
45451
45452
45453
45454
45455
45456
45458
45460
45548
45549
45550
45551
45552
45553
45670
45671
45672
45677
45697
45698
45701
45702
45703
45711
45712
45713
45714
45715
45716
45717
45718
45719
45720
45721
45722
45723
45724
45725
45726
45727
45728
45751
45752
45753
45754
45755
45756
45757
45758
45759
45760
45761
45856
45857
45858
45859
45873
45874
45875
45876
46010
46011
46012
46013
46014
46015
46016
46017
46117
46118
46119
46120
46121
46122
46123
46124
46176
46177
46178
46187
46188
46189
46190
46191
46192
46193
46304
46305
46306
46307
46308
46309
46310
46311
46312
46394
46395
46396
46397
46398
46399
46400
46404
46405
46406
46407
46408
46433
46434
46435
46436
46535
46536
46537
46538
46539
46636
46637
46638
46639
46768
46769
46772
46773
46774
46908
46909
46928
46929
46930
46931
46932
46933
46934
46941
46942
46957
46958
46959
46987
46988
46989
46990
46999
47000
47001
47002
47003
47023
47044
47045
47083
47084
47091
47092
47093
47094
47095
47096
47097
47099
47101
47102
47103
47104
47105
47106
47107
47108
47109
47113
47114
47115
47116
47117
47118
47119
47120
47121
47122
47123
47124
47125
47126
47127
47128
47129
47130
47138
47139
47140
47141
47142
47143
47144
47145
47160
47161
47162
47163
47164
47165
47166
47167
47168
47169
47180
47181
47182
47183
47188
47189
47222
47223
47224
47253
47254
47255
47256
47344
47407
47408
47409
47410
47411
47412
47446
47447
47487
47550
47551
47552
47553
47567
47659
47660
47661
47662
47663
47664
47730
47731
47732
47733
47734
47735
47766
47767
47768
47805
47806
47807
47808
47809
47810
47811
47840
47841
47842
47843
47844
47845
47846
47847
47848
47849
47850
47854
47855
47856
47857
47858
47881
47882
47883
47884
47885
47886
47887
47888
47990
48042
48043
48044
48045
48046
48068
48069
48076
48077
48078
48079
48080
48138
48139
48150
48151
48152
48153
48154
48155
48156
48157
48158
48204
48205
48206
48207
48209
48210
48211
48212
48213
48219
48220
48221
48222
48274
48275
48276
48277
48289
48290
48350
48351
48352
48353
48354
48394
48395
48396
48397
48398
48400
48401
48402
48555
48556
48557
48558
48559
48560
48561
48562
48563
48564
48565
48594
48595
48599
48600
48601
48602
48634
48657
48658
48659
48688
48689
48690
48691
48692
48693
48694
48699
48700
48701
48702
48703
48704
48705
48716
48723
48724
48725
48726
48727
48728
48729
48730
48731
48781
48782
48783
48784
48785
48786
48787
48788
48789
48790
48803
48804
48805
48806
48807
48808
48809
48810
48811
48812
48813
48814
48816
48817
48818
48819
48861
48862
48863
48864
48865
48866
48867
48868
48869
48870
48882
48883
48884
48885
48951
48952
48953
48954
48955
48956
48965
48966
48967
48968
48969
49041
49042
49043
49044
49048
49049
49050
49051
49052
49053
49054
49055
49115
49116
49299
49300
49301
49302
49303
49304
49305
49306
49307
49308
49309
49310
49353
49354
49355
49356
49357
49358
49393
49497
49498
49499
49518
49519
49520
49598
49599
49632
49633
49634
49635
49636
49637
49638
49639
49640
49684
49685
49686
49687
49688
49689
49733
49734
49735
49764
49765
49791
49792
49793
49795
49796
49797
49798
49799
49800
49838
49839
49879
49880
49881
49898
49899
49900
49901
49902
49903
49999
50000
50001
50002
50003
50004
50005
50006
50007
50008
50009
50010
50021
50022
50023
50024
50025
50026
50027
50028
50029
50030
50031
50032
50230
50231
50236
50298
50299
50300
50301
50302
50303
50304
50305
50306
50307
50308
50312
50313
50314
50328
50329
50330
50331
50332
50340
50518
50548
50549
50550
50551
50552
50553
50554
50560
50561
50562
50563
50564
50629
50630
50631
50685
50686
50687
50688
50689
50690
50691
50692
50693
50694
50695
50696
50697
50719
50720
50721
50722
50723
50724
50725
50731
50732
50765
50766
50767
50822
50823
50824
50825
50841
50842
50843
50844
50845
50859
50860
50861
50862
50863
50888
50995
51006
51016
51017
51018
51019
51020
51021
51022
51111
51116
51121
51127
51211
51212
51213
51214
51215
51216
51217
51259
51260
51261
51297
51298
51299
51300
51301
51302
51404
51415
51416
51417
51418
51419
51420
51421
51422
51423
51424
51425
51426
51427
51428
51429
51430
51431
51432
51433
51434
51435
51442
51472
51473
51474
51475
51476
51477
51478
51479
51480
51481
51482
51553
51554
51555
51556
51557
51599
51600
51601
51602
51603
51604
51605
51606
51607
51608
51614
51615
51616
51617
51618
51619
51620
51621
51622
51623
51624
51625
51626
51627
51628
51629
51630
51631
51632
51633
51634
51639
51640
51672
51673
51674
51675
51676
51677
51678
51679
51680
51681
51683
51684
51929
51930
52052
52053
52054
52055
52056
52057
52058
52059
52110
52111
52112
52113
52114
52115
52116
52117
52118
52206
52207
52220
52244
52245
52246
52249
52250
52260
52261
52262
52263
52324
52325
52326
52327
52328
52329
52551
52559
52611
52612
52613
52614
52615
52616
52617
52618
52708
52709
52754
52755
52756
52757
52758
52759
52760
52761
52762
52779
52780
52781
52782
52783
52810
52811
52812
52813
52814
52865
52866
52867
52874
52875
52876
52877
52878
53041
53042
53044
53048
53071
53072
53073
53074
53075
53076
53077
53112
53113
53114
53115
53116
53117
53118
53119
53120
53121
53232
53233
53234
53235
53236
53237
53238
53239
53240
53241
53278
53279
53299
53300
53301
53302
53303
53341
53342
53343
53344
53345
53346
53396
53397
53398
53399
53406
53424
53425
53426
53431
53433
53434
53435
53436
53437
53438
53439
53440
53477
53478
53589
53590
53591
53592
53593
53594
53595
53596
53634
53635
53636
53637
53707
53766
53772
53773
53774
53775
53776
53777
53778
53779
53780
53781
53782
53783
53784
53785
53787
53788
53789
53790
53791
53792
53793
53794
53795
53796
53797
53799
53859
53860
53861
53862
53863
53864
53865
53866
53867
53868
53869
53888
53889
53890
53891
53892
53893
53894
53895
53896
53897
53898
53899
53900
53901
53902
53903
53904
53905
53906
53907
53908
54075
54076
54077
54078
54137
54138
54139
54140
54141
54142
54143
54244
54245
54290
54291
54292
54293
54301
54302
54303
54304
54305
54306
54307
54308
54309
54310
54313
54314
54315
54316
54317
54318
54319
54320
54321
54340
54341
54342
54343
54457
54458
54459
54460
54461
54462
54463
54464
54465
54474
54475
54500
54501
54516
54517
54521
54522
54523
54524
54525
54526
54527
54528
54705
54706
54707
54708
54709
54710
54711
54761
54762
54763
54764
54766
54767
54768
54769
54770
54771
54772
54773
54801
54830
54831
54832
54833
54834
54835
54836
54908
54909
54910
54911
54912
54913
54914
54915
54916
54917
54918
54919
54920
54921
54924
54925
54926
54927
54928
54929
54930
54940
54941
54978
54979
54980
54981
54982
54983
54984
54985
54986
54987
54988
54989
55020
55021
55127
55128
55129
55138
55139
55140
55141
55142
55154
55155
55156
55157
55181
55182
55183
55191
55192
55193
55194
55195
55230
55257
55258
55259
55260
55261
55262
55263
55264
55265
55266
55267
55268
55269
55270
55415
55416
55424
55425
55430
55431
55432
55498
55499
55500
55501
55554
55555
55556
55562
55563
55564
55687
55704
55705
55706
55707
55709
55710
55711
55712
55749
55750
55751
55752
55754
55755
55756
55757
55817
55826
55827
55828
55829
55830
55831
55832
55833
55834
55835
55836
55837
55838
55842
55843
55844
55845
55846
55847
55851
55852
55853
55854
55860
55861
55862
55865
55866
55867
55868
55869
55870
55906
55907
55908
55909
55910
55911
55912
55913
55914
55915
55916
55917
55918
55919
55920
55921
55922
55962
55963
55964
55965
55966
55967
55977
55978
55979
55980
55990
55991
55992
55993
55994
55995
56004
56005
56006
56007
56054
56055
56056
56061
56062
56100
56101
56102
56103
56124
56125
56126
56195
56196
56197
56198
56199
56200
56201
56202
56203
56204
56205
56260
56261
56262
56263
56264
56265
56266
56267
56279
56280
56281
56290
56296
56297
56298
56299
56300
56321
56322
56323
56324
56325
56326
56327
56328
56329
56343
56344
56345
56346
56347
56424
56425
56426
56427
56428
56429
56430
56431
56434
56435
56439
56460
56461
56462
56463
56464
56507
56508
56509
56510
56511
56618
56619
56620
56621
56633
56634
56635
56636
56637
56649
56650
56651
56652
56653
56751
56752
56753
56754
56755
56756
56757
56758
56773
56774
56775
56776
56777
56778
56779
56780
56781
56782
56783
56784
56785
56786
56787
56788
56789
56790
56791
56792
56821
56822
56823
56824
56849
56850
56851
56852
56853
56854
56855
56856
56857
56965
56966
56999
57000
57009
57028
57029
57030
57031
57064
57065
57075
57076
57077
57078
57089
57090
57091
57092
57138
57139
57140
57147
57148
57149
57150
57151
57190
57191
57192
57193
57194
57195
57217
57218
57219
57220
57221
57239
57240
57241
57242
57247
57248
57273
57274
57275
57276
57277
57320
57350
57351
57352
57353
57360
57361
57438
57439
57508
57509
57510
57515
57516
57517
57518
57519
57538
57539
57540
57541
57542
57562
57563
57566
57567
57611
57612
57613
57614
57615
57616
57617
57618
57638
57639
57640
57641
57642
57643
57658
57659
57660
57661
57662
57663
57664
57699
57700
57701
57702
57703
57725
57726
57727
57728
57729
57770
57771
57772
57773
57774
57775
57776
57777
57778
57787
57788
57822
57823
57826
57827
57828
57829
57830
57887
57888
57889
57890
57891
57973
57974
57975
57976
58105
58106
58107
58108
58109
58110
58111
58112
58113
58114
58115
58116
58117
58118
58119
58120
58121
58122
58123
58124
58148
58149
58150
58151
58152
58153
58154
58155
58156
58157
58165
58166
58167
58168
58225
58226
58250
58251
58394
58395
58396
58397
58398
58399
58400
58401
58402
58483
58484
58485
58486
58487
58488
58489
58490
58491
58492
58493
58494
58499
58500
58533
58534
58535
58536
58537
58538
58539
58558
58559
58560
58561
58562
58563
58564
58565
58678
58679
58680
58681
58682
58683
58684
58685
58686
58687
58702
58703
58704
58705
58706
58707
58708
58709
58710
58744
58745
58746
58747
58783
58784
58788
58827
58828
58829
58830
58831
58832
58833
58834
58835
58874
58875
58876
58877
58888
58889
58890
58898
58899
58900
58901
58902
58903
58904
58912
58913
58914
58915
58916
58917
58918
58962
58963
58964
58965
58966
58967
58968
58969
59154
59155
59191
59192
59193
59194
59215
59216
59217
59251
59343
59344
59345
59346
59347
59348
59349
59360
59394
59395
59396
59397
59398
59399
59400
59448
59449
59450
59451
59452
59453
59454
59455
59456
59457
59458
59471
59472
59484
59485
59569
59570
59571
59572
59573
59574
59575
59604
59605
59606
59612
59613
59614
59623
59624
59625
59626
59627
59634
59635
59636
59655
59656
59673
59674
59675
59676
59726
59727
59728
59807
59808
59809
59810
59811
59863
59864
59865
59866
59867
59868
59869
59870
59897
59898
59899
59900
59901
59902
59903
59910
59911
59912
59913
59914
60002
60003
60004
60006
60007
60008
60009
60010
60011
60012
60059
60060
60061
60062
60063
60064
60065
60069
60070
60071
60074
60075
60092
60093
60094
60095
60096
60097
60098
60099
60100
60123
60124
60125
60152
60153
60154
60155
60167
60171
60173
60241
60242
60243
60351
60352
60353
60354
60355
60404
60410
60411
60441
60442
60443
60444
60445
60446
60447
60448
60449
60450
60451
60452
60453
60454
60460
60461
60462
60464
60465
60494
60495
60496
60497
60498
60499
60519
60520
60521
60522
60523
60549
60550
60551
60552
60553
60554
60598
60599
60600
60601
60602
60603
60604
60605
60606
60640
60651
60652
60675
60676
60677
60678
60679
60730
60731
60732
60733
60734
60738
60739
60740
60741
60742
60743
60744
60789
60816
60817
60818
60819
60820
60846
60847
60848
60849
60850
60851
60882
60883
60884
60885
60886
60887
60888
60889
60890
60891
60925
60926
60927
60928
60929
60930
60931
60932
60933
60934
60977
60978
60984
60985
60986
60987
60995
60996
60997
61039
61063
61067
61068
61069
61070
61071
61072
61073
61074
61075
61076
61077
61078
61085
61086
61087
61088
61089
61090
61091
61161
61162
61163
61164
61165
61166
61167
61168
61169
61172
61173
61174
61175
61187
61188
61189
61190
61191
61224
61225
61226
61227
61228
61291
61292
61293
61294
61295
61296
61316
61317
61318
61319
61320
61392
61393
61398
61399
61400
61409
61410
61440
61441
61442
61443
61444
61445
61446
61447
61448
61449
61474
61475
61476
61477
61478
61479
61480
61481
61485
61486
61487
61488
61510
61511
61512
61513
61514
61515
61518
61519
61533
61534
61535
61560
61561
61562
61563
61571
61572
61573
61574
61575
61576
61613
61614
61615
61626
61627
61628
61629
61630
61631
61667
61668
61669
61670
61671
61695
61699
61700
61701
61702
61703
61704
61705
61706
61707
61710
61711
61712
61713
61729
61730
61744
61745
61788
61789
61790
61791
61792
61838
61840
61841
61842
61843
61844
61845
61846
61855
61856
61857
61858
61891
61898
61899
61983
61984
61985
61986
61993
62085
62086
62087
62088
62089
62090
62091
62092
62093
62106
62107
62108
62109
62110
62111
62154
62155
62168
62169
62170
62171
62172
62173
62174
62178
62179
62180
62181
62182
62183
62184
62185
62186
62187
62188
62189
62190
62237
62238
62239
62240
62241
62242
62249
62250
62251
62252
62253
62254
62255
62256
62308
62309
62310
62311
62312
62319
62320
62339
62340
62380
62381
62382
62383
62384
62389
62428
62429
62430
62431
62432
62433
62434
62435
62436
62437
62438
62439
62440
62441
62442
62443
62444
62456
62457
62458
62459
62460
62461
62462
62505
62506
62507
62508
62509
62510
62511
62512
62513
62514
62515
62516
62541
62542
62543
62544
62545
62546
62547
62548
62549
62550
62551
62635
62666
62667
62671
62672
62720
62721
62722
62723
62724
62751
62765
62766
62767
62768
62769
62770
62771
62788
62789
62790
62805
62806
62807
62808
62809
62810
62891
62892
62893
62900
62901
62902
62903
62904
62905
62906
62918
62919
62920
62921
62922
62923
62924
62925
62926
62930
62931
62998
62999
63000
63014
63015
63040
63041
63042
63043
63044
63045
63046
63047
63048
63050
63051
63052
63053
63054
63055
63056
63057
63058
63059
63060
63061
63062
63063
63064
63065
63066
63067
63068
63069
63070
63071
63072
63148
63207
63208
63209
63210
63211
63212
63213
63214
63269
63270
63271
63272
63273
63333
63334
63335
63343
63352
63353
63371
63372
63373
63374
63375
63376
63377
63378
63379
63380
63381
63382
63383
63418
63419
63420
63421
63510
63511
63512
63513
63561
63562
63563
63564
63565
63566
63576
63577
63578
63592
63603
63604
63605
63606
63607
63608
63609
63610
63611
63612
63613
63638
63639
63640
63641
63642
63643
63663
63664
63667
63668
63669
63697
63731
63732
63733
63734
63735
63736
63737
63738
63739
63740
63741
63742
63743
63758
63759
63760
63774
63775
63776
63777
63778
63808
63815
63816
63817
63818
63819
63820
63821
63822
63823
63824
63825
63849
63850
63851
63852
63853
63871
63872
63873
63893
63894
63920
63921
63922
63923
63924
63925
63926
63927
63928
63929
63930
63931
63932
63933
63934
63935
63936
63937
63938
63939
63940
63941
63942
63943
63944
63945
63946
63947
63948
63949
63950
63951
63952
63953
63954
63955
63956
64004
64010
64011
64012
64013
64014
64015
64080
64081
64094
64095
64096
64097
64098
64138
64139
64140
64141
64142
64151
64152
64153
64154
64155
64156
64157
64158
64159
64169
64170
64171
64172
64197
64198
64199
64200
64233
64234
64235
64261
64262
64263
64264
64265
64266
64319
64320
64321
64334
64335
64336
64337
64338
64339
64343
64344
64345
64346
64401
64402
64435
64436
64437
64534
64535
64536
64550
64561
64562
64563
64564
64603
64604
64605
64606
64607
64631
64632
64633
64704
64705
64706
64707
64733
64734
64735
64736
64737
64768
64769
64772
64773
64774
64775
64834
64843
64844
64845
64846
64847
64851
64852
64853
64854
64882
64883
64894
64895
64896
64897
64898
64899
64919
64926
64927
64928
64929
64930
64931
64932
64933
64934
64935
64936
64937
65001
65002
65017
65018
65019
65026
65126
65127
65128
65129
65130
65145
65146
65149
65150
65181
65182
65230
65231
65232
65233
65239
65240
65241
65242
65243
65248
65252
65294
65295
65296
65297
65298
65299
65300
65301
65313
65314
65315
65316
65317
65318
65339
65340
65341
65409
65410
65411
65437
65438
65439
65440
65441
65552
65553
65554
65555
65556
65588
65589
65590
65591
65592
65593
65629
65630
65637
65638
65639
65640
65641
65647
65648
65649
65650
65651
65652
65653
65654
65655
65656
65657
65658
65659
65667
65668
65669
65670
65671
65672
65673
65746
65747
65748
65749
65760
65761
65762
65766
65767
65768
65769
65775
65776
65840
65841
65842
65844
65845
65921
65922
65923
65924
65925
65939
65940
65941
65942
65943
65944
65945
65946
65947
65948
65949
65950
65951
65952
65953
65954
66007
66008
66009
66010
66011
66012
66013
66014
66015
66016
66017
66018
66019
66020
66021
66022
66104
66113
66114
66115
66116
66117
66118
66124
66125
66141
66194
66208
66209
66210
66211
66212
66217
66218
66219
66220
66221
66222
66223
66224
66259
66260
66261
66262
66263
66287
66288
66367
66368
66369
66396
66408
66409
66410
66472
66473
66523
66524
66525
66526
66527
66528
66529
66530
66572
66573
66574
66575
66576
66577
66612
66613
66629
66630
66631
66632
66648
66649
66650
66651
66652
66653
66654
66655
66656
66657
66658
66659
66660
66661
66662
66663
66664
66665
66666
66667
66668
66669
66670
66671
66672
66673
66674
66675
66676
66710
66711
66712
66713
66714
66715
66716
66717
66718
66721
66722
66723
66725
66726
66727
66728
66729
66730
66731
66732
66746
66747
66748
66749
66750
66751
66752
66753
66754
66799
66800
66801
66802
66803
66804
66806
66807
66808
66812
66813
66814
66865
66866
66867
66868
66869
66870
66871
66872
66873
66982
66983
66984
66985
66986
66987
66988
66990
66991
66992
66993
67002
67003
67004
67005
67031
67032
67044
67045
67046
67047
67048
67049
67050
67086
67087
67088
67089
67090
67091
67156
67159
67163
67186
67187
67188
67189
67190
67191
67192
67193
67199
67200
67201
67202
67203
67204
67210
67215
67216
67217
67218
67224
67266
67274
67275
67276
67309
67310
67311
67312
67313
67314
67315
67316
67317
67318
67319
67320
67321
67322
67323
67324
67325
67326
67327
67328
67374
67375
67376
67377
67378
67393
67394
67403
67404
67405
67413
67414
67415
67416
67462
67463
67464
67492
67499
67503
67504
67505
67517
67518
67525
67571
67572
67597
67622
67623
67625
67626
67648
67649
67650
67651
67652
67653
67685
67686
67687
67692
67693
67694
67695
67696
67697
67698
67699
67794
67807
67808
67820
67821
67831
67832
67833
67834
67860
67861
67862
67863
67864
67877
67878
67879
67880
67881
67895
67896
67897
67898
67899
67900
67901
67902
67916
67917
67926
67927
67928
67971
67972
67973
67974
67975
67976
67980
67981
67982
67983
67984
67985
67986
67987
67988
67989
67990
67991
67992
67993
67994
67995
67996
67997
67998
67999
68000
68001
68002
68003
68004
68047
68048
68049
68050
68051
68052
68053
68054
68061
68062
68063
68064
68066
68069
68070
68071
68072
68073
68074
68075
68076
68077
68078
68079
68080
68081
68082
68083
68084
68085
68103
68104
68105
68106
68107
68151
68152
68153
68154
68196
68197
68198
68264
68265
68266
68267
68285
68298
68299
68331
68332
68333
68334
68335
68336
68337
68338
68339
68401
68465
68466
68467
68468
68469
68470
68471
68472
68473
68474
68475
68476
68477
68478
68479
68480
68481
68482
68531
68532
68533
68534
68535
68552
68554
68555
68556
68557
68558
68559
68592
68630
68631
68632
68633
68634
68635
68637
68638
68639
68640
68670
68671
68672
68673
68674
68675
68686
68687
68688
68689
68690
68691
68692
68711
68712
68713
68714
68715
68716
68717
68718
68723
68724
68725
68773
68774
68775
68776
68777
68780
68781
68782
68808
68809
68810
68811
68812
68813
68814
68815
68818
68820
68821
68822
68823
68824
68825
68826
68827
68828
68829
68830
68835
68836
68837
68838
68839
68849
68850
68851
68852
68853
68865
68866
68867
68868
68869
68870
68871
68896
68897
68898
68899
68922
68923
68944
68945
69016
69017
69018
69019
69020
69059
69060
69063
69064
69071
69094
69095
69096
69097
69111
69112
